1570.500
1568.700
1568.000
1590.900
1616.100
1644.600
1654.100
1658.000
1633.200
1628.400
1646.700
1629.900
1696.800
1747.300
1815.800
1848.900
1871.300
1903.100
1941.100
1944.400
1964.700
1966.000
1978.800
2043.800
2082.300
2098.100
2085.400
2052.500
2042.400
2044.300
2066.900
2107.800
2168.500
2204.000
2233.400
2245.300
2234.800
2252.500
2249.800
2286.500
2300.300
2294.600
2317.000
2292.500
2230.200
2243.400
2295.200
2348.000
2392.900
2455.800
2453.900
2462.600
2517.400
2504.800
2508.700
2476.200
2491.200
2538.000
2579.100
2631.800
2679.100
2708.400
2733.300
2740.000
2775.900
2810.600
2863.500
2885.800
2950.500
2984.800
3025.500
3033.600
3108.200
3150.200
3214.100
3291.800
3372.300
3384.000
3406.300
3433.700
3464.100
3464.300
3491.800
3518.200
3590.700
3651.600
3676.500
3692.000
3750.200
3760.900
3784.200
3766.300
3760.000
3767.100
3800.500
3759.800
3864.100
3885.900
3916.700
3927.900
3997.700
4092.100
4131.100
4198.700
4305.300
4355.100
4331.900
4373.300
4335.400
4347.900
4305.800
4288.900
4237.600
4268.600
4340.900
4397.800
4496.800
4530.300
4552.000
4584.600
4640.000
4731.100
4815.800
4815.300
4830.800
5021.200
5070.700
5137.400
5147.400
5152.300
5189.400
5204.700
5221.300
5115.900
5107.400
5202.100
5307.500
5266.100
5329.800
5263.400
5177.100
5204.900
5185.200
5189.800
5253.800
5372.300
5478.400
5590.500
5699.800
5797.900
5854.300
5902.400
5956.900
6007.800
6101.700
6148.600
6207.400
6232.000
6291.700
6323.400
6365.000
6435.000
6493.400
6606.800
6639.100
6723.500
6759.400
6848.600
6918.100
6963.500
7013.100
7030.900
7112.100
7130.300
7130.800
7076.900
7040.800
7086.500
7120.700
7154.100
7228.200
7297.900
7369.500
7450.700
7459.700
7497.500
7536.000
7637.400
7715.100
7815.700
7859.500
7951.600
7973.700
7988.000
8053.100
8112.000
8169.200
8303.100
8372.700
8470.600
8536.100
8665.800
8773.700
8838.400
8936.200
8995.300
9098.900
9237.100
9315.500
9392.600
9502.200
9671.100
9695.600
9847.900
9836.600
9887.700
9875.600
9905.900
9871.100
9910.000
9977.300
10031.60
10090.70
10095.80
10126.00
10212.70
10398.70
10467.00
10566.30
10671.50
10753.30
10822.90
10913.80
11001.80
11115.10
11163.80
11316.40
11388.10
11443.50
11513.00
11549.10
